-96.360252
-93.668625
-93.668625
-89.362022
-83.440445
-67.829002
-34.121101
-17.875410
0.098749
17.477032
32.648968
46.372356
57.343479
64.388481
68.212036
70.486404
71.375824
-88.823700
-78.057190
-45.757664
-24.022755
-11.635713
12.056636
25.106256
38.338589
51.191006
60.053852
0.653940
0.804809
0.000000
-5.921580
-24.762970
-15.073112
-2.691627
10.766509
25.839621
-46.834312
-37.682781
-25.839621
-17.226414
-28.272964
-38.082417
17.764740
25.839621
39.836082
52.217567
41.989384
28.531248
-40.912735
-17.533194
-6.684590
-1.076651
8.375443
18.876617
30.684549
19.057573
8.956375
0.381549
-7.428895
-18.160633
-26.916271
-6.897633
0.340663
8.444722
23.686319
8.449166
0.205322
-7.198266
-43.873524
-16.418926
1.884139
21.802181
48.718452
70.789795
67.246994
75.056892
77.061287
74.758446
66.929024
56.311390
42.419125
25.455879
6.990805
-11.666193
-30.365191
-69.713142
-82.632957
-93.937790
-61.033398
-56.686760
-57.391033
-61.902187
-62.777714
-59.302345
-50.190254
-42.193790
-30.993721
-23.955482
-9.959021
-6.190742
5.114092
6.190742
1.345814
-2.960790
-43.335197
-49.795105
-50.871754
-44.950176
-35.134495
-34.919044
-40.643570
-50.871754
-49.795105
-42.796871
-36.875294
-38.490269
36.875294
22.172188
19.029051
18.033903
19.035460
22.394110
26.108784
36.298248
39.634575
40.395645
39.836407
36.677898
33.107014
25.475977
26.014269
25.326199
32.568687
30.596216
31.408737
30.844875
47.667534
45.909405
44.842579
43.141113
38.635300
30.750622
18.456453
3.609035
-0.881698
5.181201
19.176563
30.770571
37.628628
40.886311
42.281448
44.142567
47.140427
14.254422
7.268147
0.442051
-6.606501
-11.967398
-12.051204
-7.315098
-1.022953
5.349435
11.615746
-13.380835
-21.150852
-29.284037
-36.948059
-20.132004
-23.536684
-25.944448
-23.695742
-20.858156
7.037989
3.021217
1.353629
-0.111088
-0.147273
1.476612
-0.665746
0.247660
1.696435
4.894163
0.282961
-1.172675
-2.240310
-15.934335
-22.611355
-23.748438
-22.721994
-15.610679
-3.217393
-14.987997
-22.554245
-23.591625
-22.406107
-15.121907
-4.785684
-20.893742
-22.220478
-21.025520
-5.712776
-20.671490
-21.903669
-20.328022
